function dtha = dtha_calc(th,l,dth,dl)
%DTHA_CALC
%    DTHA = DTHA_CALC(TH,L,DTH,DL)

%    This function was generated by the Symbolic Math Toolbox version 24.1.
%    19-Mar-2025 08:54:49

t2 = l+2.21e+2./1.0e+3;
t4 = l.*4.899306073312832e-1;
t3 = t2.^2;
t6 = t4+1.082746642202136e-1;
t5 = t3+5.6759e-2;
t7 = 1.0./t6.^2;
dtha = dth+dl.*1.0./sqrt(-t5.^2.*t7+1.0).*(t5.*t7.*4.899306073312832e-1-(l.*2.0+2.21e+2./5.0e+2)./t6);
end
